0 1.158967736029889
1 5.325712728354755
2 0.28408306378656384
3 2.530481941953382
4 2.7713598140210336
5 0.7812204724041143
6 0.23209372995646385
7 1.2673610613067496
8 1.6721833707856337
9 0.917901489588265
10 0.1740180470187294
11 0.25124194762074464
12 0.7658684858890147
13 0.9029662302143812
14 0.5209482269687902
15 0.11603572904094805
16 0.0988676345490176
17 0.36417159171375324
18 0.5117717627908155
19 0.3638845462322335
20 0.11467782263799829
21 0.03369467165604713
22 0.1570169666017132
23 0.29013622611063994
24 0.2661999297397807
25 0.12571949699509957
26 0.030742091504340596
27 0.06361525174051198
28 0.14926509791720943
29 0.1668795348277062
30 0.09600525432271871
31 0.022455159158411855
32 0.022043680129449763
33 0.07539738689730209
34 0.10569497181096339
35 0.07708739737515208
36 0.029063393247456035
37 0.016987325353591612
38 0.04392047114653265
39 0.06555714328441513
40 0.05166908263932656
41 0.020844490049636455
42 0.009897385585432747
